SP TS  1  100  ITER 3  DELT 113.73894  (NROW,NCOL,NLAY) = (17, 17, 5)   ERROR 3.2281877E-4 %  FORMAT "(*(ES12.5, :, 1x))"     LAY 1
 1.60000E+02  1.58850E+02  1.57310E+02  1.55770E+02  1.54230E+02  1.52690E+02  1.51540E+02  1.50770E+02  1.50000E+02  1.49230E+02  1.48460E+02  1.47310E+02  1.45770E+02  1.44230E+02  1.42690E+02  1.41150E+02  1.40000E+02
 1.60000E+02  1.58559E+02  1.56724E+02  1.55055E+02  1.53443E+02  1.51860E+02  1.50698E+02  1.49919E+02  1.49142E+02  1.48366E+02  1.47592E+02  1.46435E+02  1.44895E+02  1.43376E+02  1.41921E+02  1.40595E+02  1.40000E+02
 1.60000E+02  1.58356E+02  1.56276E+02  1.54465E+02  1.52772E+02  1.51147E+02  1.49973E+02  1.49192E+02  1.48414E+02  1.47639E+02  1.46868E+02  1.45712E+02  1.44182E+02  1.42704E+02  1.41360E+02  1.40281E+02  1.40000E+02
 1.60000E+02  1.58262E+02  1.56056E+02  1.54158E+02  1.52410E+02  1.50758E+02  1.49587E+02  1.48816E+02  1.48053E+02  1.47293E+02  1.46531E+02  1.45380E+02  1.43849E+02  1.42390E+02  1.41109E+02  1.40158E+02  1.40000E+02
 1.60000E+02  1.58216E+02  1.55943E+02  1.53991E+02  1.52202E+02  1.50522E+02  1.49367E+02  1.48634E+02  1.47926E+02  1.47217E+02  1.46482E+02  1.45317E+02  1.43742E+02  1.42267E+02  1.41006E+02  1.40109E+02  1.40000E+02
 1.60000E+02  1.58192E+02  1.55881E+02  1.53892E+02  1.52055E+02  1.50303E+02  1.49115E+02  1.48520E+02  1.48004E+02  1.47479E+02  1.46850E+02  1.45523E+02  1.43790E+02  1.42248E+02  1.40974E+02  1.40092E+02  1.40000E+02
 1.60000E+02  1.58183E+02  1.55858E+02  1.53847E+02  1.51966E+02  1.50069E+02          NaN          NaN          NaN          NaN          NaN  1.45892E+02  1.43885E+02  1.42267E+02  1.40972E+02  1.40089E+02  1.40000E+02
 1.60000E+02  1.58179E+02  1.55848E+02  1.53829E+02  1.51930E+02  1.49998E+02          NaN          NaN          NaN          NaN          NaN  1.46002E+02  1.43926E+02  1.42277E+02  1.40972E+02  1.40088E+02  1.40000E+02
 1.60000E+02  1.58178E+02  1.55845E+02  1.53823E+02  1.51918E+02  1.49978E+02          NaN          NaN          NaN          NaN          NaN  1.46033E+02  1.43940E+02  1.42281E+02  1.40973E+02  1.40088E+02  1.40000E+02
 1.60000E+02  1.58179E+02  1.55848E+02  1.53829E+02  1.51930E+02  1.49998E+02          NaN          NaN          NaN          NaN          NaN  1.46002E+02  1.43926E+02  1.42277E+02  1.40972E+02  1.40088E+02  1.40000E+02
 1.60000E+02  1.58183E+02  1.55858E+02  1.53847E+02  1.51966E+02  1.50069E+02          NaN          NaN          NaN          NaN          NaN  1.45892E+02  1.43885E+02  1.42267E+02  1.40972E+02  1.40089E+02  1.40000E+02
 1.60000E+02  1.58192E+02  1.55881E+02  1.53892E+02  1.52055E+02  1.50303E+02  1.49115E+02  1.48520E+02  1.48004E+02  1.47479E+02  1.46850E+02  1.45523E+02  1.43790E+02  1.42248E+02  1.40974E+02  1.40092E+02  1.40000E+02
 1.60000E+02  1.58216E+02  1.55943E+02  1.53991E+02  1.52202E+02  1.50522E+02  1.49367E+02  1.48634E+02  1.47926E+02  1.47217E+02  1.46482E+02  1.45317E+02  1.43742E+02  1.42267E+02  1.41006E+02  1.40109E+02  1.40000E+02
 1.60000E+02  1.58262E+02  1.56056E+02  1.54158E+02  1.52410E+02  1.50758E+02  1.49587E+02  1.48816E+02  1.48053E+02  1.47293E+02  1.46531E+02  1.45380E+02  1.43848E+02  1.42390E+02  1.41109E+02  1.40158E+02  1.40000E+02
 1.60000E+02  1.58356E+02  1.56276E+02  1.54465E+02  1.52772E+02  1.51147E+02  1.49973E+02  1.49192E+02  1.48414E+02  1.47639E+02  1.46868E+02  1.45712E+02  1.44182E+02  1.42704E+02  1.41360E+02  1.40281E+02  1.40000E+02
 1.60000E+02  1.58559E+02  1.56724E+02  1.55055E+02  1.53443E+02  1.51860E+02  1.50698E+02  1.49919E+02  1.49142E+02  1.48366E+02  1.47592E+02  1.46435E+02  1.44895E+02  1.43376E+02  1.41921E+02  1.40595E+02  1.40000E+02
 1.60000E+02  1.58850E+02  1.57310E+02  1.55770E+02  1.54230E+02  1.52690E+02  1.51540E+02  1.50770E+02  1.50000E+02  1.49230E+02  1.48460E+02  1.47310E+02  1.45770E+02  1.44230E+02  1.42690E+02  1.41150E+02  1.40000E+02
LAY 2
 1.60000E+02  1.58850E+02  1.57310E+02  1.55770E+02  1.54230E+02  1.52690E+02  1.51540E+02  1.50770E+02  1.50000E+02  1.49230E+02  1.48460E+02  1.47310E+02  1.45770E+02  1.44230E+02  1.42690E+02  1.41150E+02  1.40000E+02
 1.60000E+02  1.58559E+02  1.56724E+02  1.55055E+02  1.53443E+02  1.51861E+02  1.50698E+02  1.49919E+02  1.49142E+02  1.48366E+02  1.47593E+02  1.46435E+02  1.44895E+02  1.43376E+02  1.41921E+02  1.40596E+02  1.40000E+02
 1.60000E+02  1.58357E+02  1.56277E+02  1.54465E+02  1.52772E+02  1.51147E+02  1.49973E+02  1.49192E+02  1.48414E+02  1.47639E+02  1.46868E+02  1.45713E+02  1.44182E+02  1.42704E+02  1.41360E+02  1.40281E+02  1.40000E+02
 1.60000E+02  1.58262E+02  1.56056E+02  1.54158E+02  1.52411E+02  1.50758E+02  1.49587E+02  1.48816E+02  1.48053E+02  1.47293E+02  1.46531E+02  1.45380E+02  1.43849E+02  1.42390E+02  1.41109E+02  1.40158E+02  1.40000E+02
 1.60000E+02  1.58216E+02  1.55943E+02  1.53991E+02  1.52202E+02  1.50522E+02  1.49367E+02  1.48634E+02  1.47926E+02  1.47217E+02  1.46482E+02  1.45317E+02  1.43742E+02  1.42267E+02  1.41006E+02  1.40110E+02  1.40000E+02
 1.60000E+02  1.58192E+02  1.55881E+02  1.53892E+02  1.52055E+02  1.50303E+02  1.49115E+02  1.48520E+02  1.48004E+02  1.47479E+02  1.46851E+02  1.45523E+02  1.43790E+02  1.42248E+02  1.40974E+02  1.40093E+02  1.40000E+02
 1.60000E+02  1.58183E+02  1.55858E+02  1.53847E+02  1.51966E+02  1.50069E+02  1.48362E+02  1.48296E+02  1.48278E+02  1.48259E+02  1.48176E+02  1.45892E+02  1.43885E+02  1.42267E+02  1.40972E+02  1.40090E+02  1.40000E+02
 1.60000E+02  1.58180E+02  1.55848E+02  1.53829E+02  1.51930E+02  1.49998E+02  1.48339E+02          NaN          NaN          NaN  1.48216E+02  1.46002E+02  1.43927E+02  1.42277E+02  1.40972E+02  1.40089E+02  1.40000E+02
 1.60000E+02  1.58179E+02  1.55845E+02  1.53823E+02  1.51918E+02  1.49978E+02  1.48338E+02          NaN          NaN          NaN  1.48219E+02  1.46033E+02  1.43941E+02  1.42281E+02  1.40973E+02  1.40089E+02  1.40000E+02
 1.60000E+02  1.58180E+02  1.55848E+02  1.53829E+02  1.51930E+02  1.49998E+02  1.48339E+02          NaN          NaN          NaN  1.48216E+02  1.46002E+02  1.43927E+02  1.42277E+02  1.40972E+02  1.40089E+02  1.40000E+02
 1.60000E+02  1.58183E+02  1.55858E+02  1.53847E+02  1.51966E+02  1.50069E+02  1.48362E+02  1.48296E+02  1.48278E+02  1.48259E+02  1.48176E+02  1.45892E+02  1.43885E+02  1.42267E+02  1.40972E+02  1.40090E+02  1.40000E+02
 1.60000E+02  1.58192E+02  1.55881E+02  1.53892E+02  1.52055E+02  1.50303E+02  1.49115E+02  1.48520E+02  1.48004E+02  1.47479E+02  1.46851E+02  1.45523E+02  1.43790E+02  1.42248E+02  1.40974E+02  1.40093E+02  1.40000E+02
 1.60000E+02  1.58216E+02  1.55943E+02  1.53991E+02  1.52202E+02  1.50522E+02  1.49367E+02  1.48634E+02  1.47926E+02  1.47217E+02  1.46482E+02  1.45317E+02  1.43742E+02  1.42267E+02  1.41006E+02  1.40110E+02  1.40000E+02
 1.60000E+02  1.58262E+02  1.56056E+02  1.54158E+02  1.52411E+02  1.50758E+02  1.49587E+02  1.48816E+02  1.48053E+02  1.47293E+02  1.46531E+02  1.45380E+02  1.43849E+02  1.42390E+02  1.41109E+02  1.40158E+02  1.40000E+02
 1.60000E+02  1.58357E+02  1.56277E+02  1.54465E+02  1.52772E+02  1.51147E+02  1.49973E+02  1.49192E+02  1.48414E+02  1.47639E+02  1.46868E+02  1.45713E+02  1.44182E+02  1.42704E+02  1.41360E+02  1.40281E+02  1.40000E+02
 1.60000E+02  1.58559E+02  1.56724E+02  1.55055E+02  1.53443E+02  1.51861E+02  1.50698E+02  1.49919E+02  1.49142E+02  1.48366E+02  1.47593E+02  1.46435E+02  1.44895E+02  1.43376E+02  1.41921E+02  1.40596E+02  1.40000E+02
 1.60000E+02  1.58850E+02  1.57310E+02  1.55770E+02  1.54230E+02  1.52690E+02  1.51540E+02  1.50770E+02  1.50000E+02  1.49230E+02  1.48460E+02  1.47310E+02  1.45770E+02  1.44230E+02  1.42690E+02  1.41150E+02  1.40000E+02
LAY 3
 1.60000E+02  1.58850E+02  1.57310E+02  1.55770E+02  1.54230E+02  1.52690E+02  1.51540E+02  1.50770E+02  1.50000E+02  1.49230E+02  1.48460E+02  1.47310E+02  1.45770E+02  1.44230E+02  1.42690E+02  1.41150E+02  1.40000E+02
 1.60000E+02  1.58559E+02  1.56724E+02  1.55055E+02  1.53443E+02  1.51861E+02  1.50698E+02  1.49920E+02  1.49142E+02  1.48366E+02  1.47593E+02  1.46436E+02  1.44895E+02  1.43376E+02  1.41921E+02  1.40596E+02  1.40000E+02
 1.60000E+02  1.58357E+02  1.56277E+02  1.54465E+02  1.52772E+02  1.51147E+02  1.49973E+02  1.49192E+02  1.48414E+02  1.47639E+02  1.46868E+02  1.45713E+02  1.44183E+02  1.42704E+02  1.41360E+02  1.40281E+02  1.40000E+02
 1.60000E+02  1.58262E+02  1.56056E+02  1.54158E+02  1.52411E+02  1.50758E+02  1.49588E+02  1.48816E+02  1.48053E+02  1.47293E+02  1.46531E+02  1.45380E+02  1.43849E+02  1.42390E+02  1.41110E+02  1.40159E+02  1.40000E+02
 1.60000E+02  1.58216E+02  1.55943E+02  1.53991E+02  1.52202E+02  1.50522E+02  1.49367E+02  1.48634E+02  1.47926E+02  1.47217E+02  1.46482E+02  1.45317E+02  1.43742E+02  1.42267E+02  1.41006E+02  1.40110E+02  1.40000E+02
 1.60000E+02  1.58192E+02  1.55882E+02  1.53892E+02  1.52055E+02  1.50303E+02  1.49115E+02  1.48520E+02  1.48004E+02  1.47479E+02  1.46851E+02  1.45523E+02  1.43790E+02  1.42249E+02  1.40974E+02  1.40093E+02  1.40000E+02
 1.60000E+02  1.58183E+02  1.55858E+02  1.53847E+02  1.51966E+02  1.50069E+02  1.48364E+02  1.48296E+02  1.48278E+02  1.48259E+02  1.48173E+02  1.45892E+02  1.43885E+02  1.42267E+02  1.40972E+02  1.40090E+02  1.40000E+02
 1.60000E+02  1.58180E+02  1.55848E+02  1.53829E+02  1.51930E+02  1.49998E+02  1.48340E+02  1.48289E+02  1.48286E+02  1.48283E+02  1.48214E+02  1.46002E+02  1.43927E+02  1.42277E+02  1.40973E+02  1.40089E+02  1.40000E+02
 1.60000E+02  1.58179E+02  1.55845E+02  1.53823E+02  1.51918E+02  1.49978E+02  1.48339E+02  1.48288E+02  1.48287E+02  1.48284E+02  1.48217E+02  1.46033E+02  1.43941E+02  1.42281E+02  1.40973E+02  1.40089E+02  1.40000E+02
 1.60000E+02  1.58180E+02  1.55848E+02  1.53829E+02  1.51930E+02  1.49998E+02  1.48340E+02  1.48289E+02  1.48286E+02  1.48283E+02  1.48214E+02  1.46002E+02  1.43927E+02  1.42277E+02  1.40973E+02  1.40089E+02  1.40000E+02
 1.60000E+02  1.58183E+02  1.55858E+02  1.53847E+02  1.51966E+02  1.50069E+02  1.48364E+02  1.48296E+02  1.48278E+02  1.48259E+02  1.48173E+02  1.45892E+02  1.43885E+02  1.42267E+02  1.40972E+02  1.40090E+02  1.40000E+02
 1.60000E+02  1.58192E+02  1.55882E+02  1.53892E+02  1.52055E+02  1.50303E+02  1.49115E+02  1.48520E+02  1.48004E+02  1.47479E+02  1.46851E+02  1.45523E+02  1.43790E+02  1.42249E+02  1.40974E+02  1.40093E+02  1.40000E+02
 1.60000E+02  1.58216E+02  1.55943E+02  1.53991E+02  1.52202E+02  1.50522E+02  1.49367E+02  1.48634E+02  1.47926E+02  1.47217E+02  1.46482E+02  1.45317E+02  1.43742E+02  1.42267E+02  1.41006E+02  1.40110E+02  1.40000E+02
 1.60000E+02  1.58262E+02  1.56056E+02  1.54158E+02  1.52411E+02  1.50758E+02  1.49588E+02  1.48816E+02  1.48053E+02  1.47293E+02  1.46531E+02  1.45380E+02  1.43849E+02  1.42390E+02  1.41110E+02  1.40159E+02  1.40000E+02
 1.60000E+02  1.58357E+02  1.56277E+02  1.54465E+02  1.52772E+02  1.51147E+02  1.49973E+02  1.49192E+02  1.48414E+02  1.47639E+02  1.46868E+02  1.45713E+02  1.44183E+02  1.42704E+02  1.41360E+02  1.40281E+02  1.40000E+02
 1.60000E+02  1.58559E+02  1.56724E+02  1.55055E+02  1.53443E+02  1.51861E+02  1.50698E+02  1.49920E+02  1.49142E+02  1.48366E+02  1.47593E+02  1.46436E+02  1.44895E+02  1.43376E+02  1.41921E+02  1.40596E+02  1.40000E+02
 1.60000E+02  1.58850E+02  1.57310E+02  1.55770E+02  1.54230E+02  1.52690E+02  1.51540E+02  1.50770E+02  1.50000E+02  1.49230E+02  1.48460E+02  1.47310E+02  1.45770E+02  1.44230E+02  1.42690E+02  1.41150E+02  1.40000E+02
LAY 4
 1.60000E+02  1.58850E+02  1.57310E+02  1.55770E+02  1.54230E+02  1.52690E+02  1.51540E+02  1.50770E+02  1.50000E+02  1.49230E+02  1.48460E+02  1.47310E+02  1.45770E+02  1.44230E+02  1.42690E+02  1.41150E+02  1.40000E+02
 1.60000E+02  1.58560E+02  1.56724E+02  1.55055E+02  1.53443E+02  1.51861E+02  1.50698E+02  1.49920E+02  1.49142E+02  1.48366E+02  1.47593E+02  1.46436E+02  1.44895E+02  1.43376E+02  1.41922E+02  1.40596E+02  1.40000E+02
 1.60000E+02  1.58357E+02  1.56277E+02  1.54465E+02  1.52772E+02  1.51147E+02  1.49973E+02  1.49192E+02  1.48414E+02  1.47639E+02  1.46868E+02  1.45713E+02  1.44183E+02  1.42704E+02  1.41360E+02  1.40282E+02  1.40000E+02
 1.60000E+02  1.58263E+02  1.56056E+02  1.54158E+02  1.52411E+02  1.50758E+02  1.49588E+02  1.48816E+02  1.48053E+02  1.47293E+02  1.46531E+02  1.45380E+02  1.43849E+02  1.42390E+02  1.41110E+02  1.40159E+02  1.40000E+02
 1.60000E+02  1.58216E+02  1.55943E+02  1.53991E+02  1.52202E+02  1.50522E+02  1.49367E+02  1.48634E+02  1.47926E+02  1.47217E+02  1.46482E+02  1.45317E+02  1.43742E+02  1.42267E+02  1.41006E+02  1.40110E+02  1.40000E+02
 1.60000E+02  1.58192E+02  1.55882E+02  1.53892E+02  1.52055E+02  1.50303E+02  1.49115E+02  1.48520E+02  1.48004E+02  1.47479E+02  1.46851E+02  1.45523E+02  1.43790E+02  1.42249E+02  1.40974E+02  1.40093E+02  1.40000E+02
 1.60000E+02  1.58183E+02  1.55858E+02  1.53847E+02  1.51966E+02  1.50069E+02  1.48365E+02  1.48296E+02  1.48278E+02  1.48258E+02  1.48171E+02  1.45892E+02  1.43885E+02  1.42267E+02  1.40972E+02  1.40090E+02  1.40000E+02
 1.60000E+02  1.58180E+02  1.55848E+02  1.53829E+02  1.51930E+02  1.49998E+02  1.48341E+02  1.48289E+02  1.48286E+02  1.48283E+02  1.48213E+02  1.46002E+02  1.43927E+02  1.42277E+02  1.40973E+02  1.40089E+02  1.40000E+02
 1.60000E+02  1.58179E+02  1.55845E+02  1.53823E+02  1.51918E+02  1.49978E+02  1.48340E+02  1.48289E+02  1.48287E+02  1.48284E+02  1.48216E+02  1.46033E+02  1.43941E+02  1.42281E+02  1.40973E+02  1.40089E+02  1.40000E+02
 1.60000E+02  1.58180E+02  1.55848E+02  1.53829E+02  1.51930E+02  1.49998E+02  1.48341E+02  1.48289E+02  1.48286E+02  1.48283E+02  1.48213E+02  1.46002E+02  1.43927E+02  1.42277E+02  1.40973E+02  1.40089E+02  1.40000E+02
 1.60000E+02  1.58183E+02  1.55858E+02  1.53847E+02  1.51966E+02  1.50069E+02  1.48365E+02  1.48296E+02  1.48278E+02  1.48258E+02  1.48171E+02  1.45892E+02  1.43885E+02  1.42267E+02  1.40972E+02  1.40090E+02  1.40000E+02
 1.60000E+02  1.58192E+02  1.55882E+02  1.53892E+02  1.52055E+02  1.50303E+02  1.49115E+02  1.48520E+02  1.48004E+02  1.47479E+02  1.46851E+02  1.45523E+02  1.43790E+02  1.42249E+02  1.40974E+02  1.40093E+02  1.40000E+02
 1.60000E+02  1.58216E+02  1.55943E+02  1.53991E+02  1.52202E+02  1.50522E+02  1.49367E+02  1.48634E+02  1.47926E+02  1.47217E+02  1.46482E+02  1.45317E+02  1.43742E+02  1.42267E+02  1.41006E+02  1.40110E+02  1.40000E+02
 1.60000E+02  1.58263E+02  1.56056E+02  1.54158E+02  1.52411E+02  1.50758E+02  1.49588E+02  1.48816E+02  1.48053E+02  1.47293E+02  1.46531E+02  1.45380E+02  1.43849E+02  1.42390E+02  1.41110E+02  1.40159E+02  1.40000E+02
 1.60000E+02  1.58357E+02  1.56277E+02  1.54465E+02  1.52772E+02  1.51147E+02  1.49973E+02  1.49192E+02  1.48414E+02  1.47639E+02  1.46868E+02  1.45713E+02  1.44183E+02  1.42704E+02  1.41360E+02  1.40282E+02  1.40000E+02
 1.60000E+02  1.58560E+02  1.56724E+02  1.55055E+02  1.53443E+02  1.51861E+02  1.50698E+02  1.49920E+02  1.49142E+02  1.48366E+02  1.47593E+02  1.46436E+02  1.44895E+02  1.43376E+02  1.41922E+02  1.40596E+02  1.40000E+02
 1.60000E+02  1.58850E+02  1.57310E+02  1.55770E+02  1.54230E+02  1.52690E+02  1.51540E+02  1.50770E+02  1.50000E+02  1.49230E+02  1.48460E+02  1.47310E+02  1.45770E+02  1.44230E+02  1.42690E+02  1.41150E+02  1.40000E+02
LAY 5
 1.60000E+02  1.58850E+02  1.57310E+02  1.55770E+02  1.54230E+02  1.52690E+02  1.51540E+02  1.50770E+02  1.50000E+02  1.49230E+02  1.48460E+02  1.47310E+02  1.45770E+02  1.44230E+02  1.42690E+02  1.41150E+02  1.40000E+02
 1.60000E+02  1.58560E+02  1.56724E+02  1.55055E+02  1.53443E+02  1.51861E+02  1.50698E+02  1.49920E+02  1.49142E+02  1.48366E+02  1.47593E+02  1.46436E+02  1.44895E+02  1.43376E+02  1.41922E+02  1.40596E+02  1.40000E+02
 1.60000E+02  1.58357E+02  1.56277E+02  1.54465E+02  1.52772E+02  1.51147E+02  1.49974E+02  1.49192E+02  1.48414E+02  1.47639E+02  1.46868E+02  1.45713E+02  1.44183E+02  1.42704E+02  1.41360E+02  1.40282E+02  1.40000E+02
 1.60000E+02  1.58263E+02  1.56056E+02  1.54158E+02  1.52411E+02  1.50758E+02  1.49588E+02  1.48816E+02  1.48053E+02  1.47293E+02  1.46531E+02  1.45380E+02  1.43849E+02  1.42390E+02  1.41110E+02  1.40159E+02  1.40000E+02
 1.60000E+02  1.58216E+02  1.55943E+02  1.53991E+02  1.52202E+02  1.50522E+02  1.49367E+02  1.48634E+02  1.47926E+02  1.47217E+02  1.46482E+02  1.45317E+02  1.43742E+02  1.42267E+02  1.41007E+02  1.40110E+02  1.40000E+02
 1.60000E+02  1.58192E+02  1.55882E+02  1.53892E+02  1.52055E+02  1.50303E+02  1.49115E+02  1.48520E+02  1.48004E+02  1.47479E+02  1.46851E+02  1.45523E+02  1.43790E+02  1.42249E+02  1.40974E+02  1.40093E+02  1.40000E+02
 1.60000E+02  1.58183E+02  1.55858E+02  1.53847E+02  1.51966E+02  1.50069E+02  1.48366E+02  1.48296E+02  1.48278E+02  1.48258E+02  1.48170E+02  1.45892E+02  1.43885E+02  1.42267E+02  1.40972E+02  1.40090E+02  1.40000E+02
 1.60000E+02  1.58180E+02  1.55848E+02  1.53829E+02  1.51930E+02  1.49998E+02  1.48342E+02  1.48289E+02  1.48286E+02  1.48283E+02  1.48213E+02  1.46002E+02  1.43927E+02  1.42277E+02  1.40973E+02  1.40089E+02  1.40000E+02
 1.60000E+02  1.58179E+02  1.55845E+02  1.53823E+02  1.51918E+02  1.49978E+02  1.48340E+02  1.48289E+02  1.48287E+02  1.48284E+02  1.48215E+02  1.46033E+02  1.43941E+02  1.42281E+02  1.40973E+02  1.40089E+02  1.40000E+02
 1.60000E+02  1.58180E+02  1.55848E+02  1.53829E+02  1.51930E+02  1.49998E+02  1.48342E+02  1.48289E+02  1.48286E+02  1.48283E+02  1.48213E+02  1.46002E+02  1.43927E+02  1.42277E+02  1.40973E+02  1.40089E+02  1.40000E+02
 1.60000E+02  1.58183E+02  1.55858E+02  1.53847E+02  1.51966E+02  1.50069E+02  1.48366E+02  1.48296E+02  1.48278E+02  1.48258E+02  1.48170E+02  1.45892E+02  1.43885E+02  1.42267E+02  1.40972E+02  1.40090E+02  1.40000E+02
 1.60000E+02  1.58192E+02  1.55882E+02  1.53892E+02  1.52055E+02  1.50303E+02  1.49115E+02  1.48520E+02  1.48004E+02  1.47479E+02  1.46851E+02  1.45523E+02  1.43790E+02  1.42249E+02  1.40974E+02  1.40093E+02  1.40000E+02
 1.60000E+02  1.58216E+02  1.55943E+02  1.53991E+02  1.52202E+02  1.50522E+02  1.49367E+02  1.48634E+02  1.47926E+02  1.47217E+02  1.46482E+02  1.45317E+02  1.43742E+02  1.42267E+02  1.41007E+02  1.40110E+02  1.40000E+02
 1.60000E+02  1.58263E+02  1.56056E+02  1.54158E+02  1.52411E+02  1.50758E+02  1.49588E+02  1.48816E+02  1.48053E+02  1.47293E+02  1.46531E+02  1.45380E+02  1.43849E+02  1.42390E+02  1.41110E+02  1.40159E+02  1.40000E+02
 1.60000E+02  1.58357E+02  1.56277E+02  1.54465E+02  1.52772E+02  1.51147E+02  1.49974E+02  1.49192E+02  1.48414E+02  1.47639E+02  1.46868E+02  1.45713E+02  1.44183E+02  1.42704E+02  1.41360E+02  1.40282E+02  1.40000E+02
 1.60000E+02  1.58560E+02  1.56724E+02  1.55055E+02  1.53443E+02  1.51861E+02  1.50698E+02  1.49920E+02  1.49142E+02  1.48366E+02  1.47593E+02  1.46436E+02  1.44895E+02  1.43376E+02  1.41922E+02  1.40596E+02  1.40000E+02
 1.60000E+02  1.58850E+02  1.57310E+02  1.55770E+02  1.54230E+02  1.52690E+02  1.51540E+02  1.50770E+02  1.50000E+02  1.49230E+02  1.48460E+02  1.47310E+02  1.45770E+02  1.44230E+02  1.42690E+02  1.41150E+02  1.40000E+02
